%YAML:1.0
---
cameraMatrix: !!opencv-matrix
   rows: 3
   cols: 3
   dt: d
   data: [ 599.7179698508994, 0.0, 316.92236214774886, 0.0, 602.5969459407678, 221.13163932076955, 0.0, 0.0, 1.0 ]
distCoeffs: !!opencv-matrix
   rows: 1
   cols: 5
   dt: d
   data: [ -0.4307116120298502, 0.5670559719047148, -0.003092487263676926, 0.002512910826198519, -1.2978435809236195 ]
repError: 0.9673050309023515
