%YAML:1.0
---
cameraMatrix: !!opencv-matrix
   rows: 3
   cols: 3
   dt: d
   data: [ 624.3784374801866, 0.0, 317.37965262889304, 0.0, 623.7788449192459, 219.41351936116175, 0.0, 0.0, 1.0 ]
distCoeffs: !!opencv-matrix
   rows: 1
   cols: 5
   dt: d
   data: [ -0.48262461890741803, 0.9789012161308008, 0.0033256968898331017, -0.0030343571950125483, -3.7786576123060143 ]
repError: 1.1637767188376058
